59, 141, 1, 2, 3, 2
8, 19, 1, 1, 3, 2
29, 136, 1, 1, 2, 1
7, 195, 2, 1, 2, 3
29, 83, 1, 1, 2, 2
8, 19, 1, 1, 3, 2
59, 172, 1, 2, 3, 2
8, 155, 1, 2, 3, 2
19, 155, 1, 2, 3, 2
59, 83, 1, 2, 3, 2
7, 161, 2, 2, 2, 3
7, 156, 1, 1, 2, 2
59, 105, 1, 2, 3, 2
29, 172, 1, 2, 2, 2
59, 124, 1, 2, 3, 2
7, 156, 1, 1, 2, 2
19, 33, 2, 1, 3, 3
59, 105, 1, 2, 3, 2
31, 19, 1, 2, 2, 2
31, 33, 2, 1, 2, 3
8, 172, 1, 2, 3, 2
59, 57, 1, 2, 3, 2
59, 161, 1, 2, 3, 3
7, 137, 1, 1, 2, 2
29, 105, 1, 2, 2, 2
29, 66, 1, 1, 2, 2
29, 33, 2, 2, 2, 3
59, 165, 1, 1, 3, 3
7, 165, 2, 1, 2, 3
31, 83, 1, 2, 2, 2
19, 200, 1, 2, 3, 2
29, 136, 1, 1, 2, 1
59, 18, 1, 2, 3, 2
59, 200, 1, 2, 3, 2
19, 103, 1, 2, 3, 2
59, 136, 1, 2, 3, 1
8, 161, 1, 1, 3, 3
29, 136, 1, 2, 2, 1
19, 160, 1, 1, 3, 2
31, 195, 2, 2, 2, 3
7, 137, 1, 2, 2, 2
59, 124, 1, 2, 3, 2
29, 103, 1, 1, 2, 2
7, 141, 2, 2, 2, 2
31, 105, 1, 1, 2, 2
59, 83, 1, 2, 3, 2
29, 165, 2, 2, 2, 3
7, 137, 2, 2, 2, 2
8, 57, 1, 2, 3, 2
59, 156, 1, 1, 3, 2
19, 124, 1, 1, 3, 2
8, 161, 1, 1, 3, 3
7, 57, 1, 1, 2, 2
59, 105, 1, 1, 3, 2
29, 200, 1, 2, 2, 2
8, 165, 2, 2, 3, 3
19, 51, 1, 2, 3, 2
59, 137, 1, 1, 3, 2
31, 103, 1, 2, 2, 2
8, 18, 1, 2, 3, 2
