64, 13, 2, 1, 2, 2
27, 180, 2, 1, 0, 1
71, 83, 1, 1, 2, 2
7, 2, 1, 2, 3, 1
32, 75, 1, 2, 2, 2
56, 201, 2, 2, 2, 2
64, 23, 1, 2, 2, 1
71, 15, 1, 1, 2, 2
13, 180, 1, 2, 3, 1
64, 92, 2, 2, 2, 3
13, 133, 1, 2, 3, 2
32, 2, 1, 2, 2, 1
20, 15, 2, 2, 3, 2
56, 71, 2, 1, 2, 2
13, 98, 1, 1, 3, 1
56, 98, 1, 2, 2, 1
32, 109, 1, 2, 2, 2
18, 187, 2, 1, 1, 1
18, 2, 2, 1, 1, 1
7, 133, 2, 2, 3, 2
20, 13, 2, 1, 3, 2
13, 137, 1, 1, 3, 2
13, 149, 1, 2, 3, 1
18, 137, 2, 1, 1, 2
18, 98, 1, 1, 1, 1
32, 65, 2, 1, 2, 2
7, 65, 1, 1, 3, 2
71, 65, 2, 2, 2, 2
64, 180, 1, 1, 2, 1
32, 2, 1, 1, 2, 1
7, 92, 2, 1, 3, 3
7, 72, 1, 1, 3, 2
56, 15, 2, 1, 2, 2
64, 109, 1, 1, 2, 2
13, 26, 1, 2, 3, 2
64, 75, 1, 2, 2, 2
64, 75, 1, 2, 2, 2
27, 149, 2, 1, 0, 1
64, 83, 2, 1, 2, 2
64, 65, 2, 1, 2, 2
71, 75, 1, 1, 2, 2
18, 201, 2, 2, 1, 2
71, 137, 1, 1, 2, 2
13, 13, 1, 1, 3, 2
71, 98, 1, 1, 2, 1
64, 72, 1, 2, 2, 2
64, 15, 1, 2, 2, 2
20, 201, 2, 1, 3, 2
56, 65, 2, 2, 2, 2
7, 83, 1, 1, 3, 2
7, 131, 1, 1, 3, 1
27, 72, 2, 1, 0, 2
27, 15, 2, 1, 0, 2
18, 195, 1, 1, 1, 2
27, 2, 2, 1, 0, 1
13, 15, 1, 2, 3, 2
56, 187, 1, 1, 2, 1
13, 195, 1, 1, 3, 2
71, 137, 1, 1, 2, 2
18, 133, 2, 1, 1, 2
