68, 98, 1, 2, -2, -2
60, 11, 2, 1, -2, -2
6, 87, 1, 2, -2, -2
60, 98, 1, 1, -2, -2
68, 17, 2, 1, -2, -2
29, 68, 1, 2, -2, -2
60, 167, 2, 1, -2, -2
49, 33, 2, 2, -2, -2
29, 172, 1, 1, -2, -2
37, 218, 1, 1, -2, -2
60, 218, 1, 1, -2, -2
29, 135, 2, 1, -2, -2
25, 36, 2, 1, -2, -2
68, 59, 1, 1, -2, -2
49, 179, 1, 2, -2, -2
50, 150, 1, 1, -2, -2
38, 96, 2, 1, -2, -2
2, 193, 1, 2, -2, -2
29, 8, 2, 1, -2, -2
37, 36, 2, 2, -2, -2
60, 11, 1, 1, -2, -2
21, 17, 1, 2, -2, -2
21, 138, 1, 2, -2, -2
2, 74, 1, 1, -2, -2
49, 205, 1, 2, -2, -2
60, 225, 1, 1, -2, -2
21, 11, 1, 2, -2, -2
37, 222, 2, 2, -2, -2
29, 64, 1, 1, -2, -2
21, 222, 1, 1, -2, -2
25, 172, 2, 2, -2, -2
49, 222, 2, 1, -2, -2
2, 167, 1, 2, -2, -2
60, 163, 2, 1, -2, -2
50, 11, 1, 1, -2, -2
2, 193, 1, 2, -2, -2
6, 5, 1, 2, -2, -2
49, 86, 2, 1, -2, -2
21, 96, 2, 1, -2, -2
2, 207, 1, 2, -2, -2
38, 8, 2, 1, -2, -2
21, 8, 1, 2, -2, -2
60, 68, 1, 1, -2, -2
29, 148, 1, 1, -2, -2
37, 222, 2, 1, -2, -2
6, 162, 1, 1, -2, -2
50, 148, 1, 1, -2, -2
50, 191, 1, 1, -2, -2
21, 225, 2, 1, -2, -2
68, 35, 2, 1, -2, -2
37, 205, 2, 1, -2, -2
38, 75, 2, 1, -2, -2
68, 64, 1, 2, -2, -2
49, 59, 1, 2, -2, -2
25, 222, 2, 2, -2, -2
60, 33, 2, 1, -2, -2
21, 75, 1, 1, -2, -2
50, 150, 1, 1, -2, -2
38, 138, 2, 1, -2, -2
29, 167, 1, 1, -2, -2
68, 98, 2, 1, -2, -2
60, 11, 1, 1, -2, -2
6, 87, 1, 1, -2, -2
60, 98, 2, 1, -2, -2
68, 17, 2, 1, -2, -2
29, 68, 1, 2, -2, -2
60, 167, 1, 2, -2, -2
49, 33, 1, 1, -2, -2
29, 172, 2, 1, -2, -2
37, 218, 1, 2, -2, -2
60, 218, 1, 1, -2, -2
29, 135, 2, 2, -2, -2
25, 36, 2, 1, -2, -2
68, 59, 1, 1, -2, -2
49, 179, 1, 2, -2, -2
50, 150, 1, 2, -2, -2
38, 96, 2, 1, -2, -2
2, 193, 1, 1, -2, -2
29, 8, 1, 2, -2, -2
37, 36, 1, 1, -2, -2
60, 11, 1, 2, -2, -2
21, 17, 2, 1, -2, -2
21, 138, 2, 1, -2, -2
2, 74, 1, 1, -2, -2
49, 205, 1, 1, -2, -2
60, 225, 1, 1, -2, -2
21, 11, 1, 1, -2, -2
37, 222, 1, 1, -2, -2
29, 64, 1, 2, -2, -2
21, 222, 1, 1, -2, -2
25, 172, 2, 1, -2, -2
49, 222, 1, 1, -2, -2
2, 167, 1, 2, -2, -2
60, 163, 1, 2, -2, -2
50, 11, 1, 1, -2, -2
2, 193, 1, 2, -2, -2
6, 5, 1, 2, -2, -2
49, 86, 2, 2, -2, -2
21, 96, 1, 1, -2, -2
2, 207, 1, 1, -2, -2
38, 8, 2, 2, -2, -2
21, 8, 1, 2, -2, -2
60, 68, 1, 2, -2, -2
29, 148, 2, 1, -2, -2
37, 222, 1, 2, -2, -2
6, 162, 1, 1, -2, -2
50, 148, 1, 1, -2, -2
50, 191, 2, 1, -2, -2
21, 225, 1, 2, -2, -2
68, 35, 1, 1, -2, -2
37, 205, 2, 1, -2, -2
38, 75, 2, 1, -2, -2
68, 64, 1, 1, -2, -2
49, 59, 1, 2, -2, -2
25, 222, 2, 1, -2, -2
60, 33, 2, 1, -2, -2
21, 75, 1, 2, -2, -2
50, 150, 1, 1, -2, -2
38, 138, 2, 2, -2, -2
29, 167, 1, 2, -2, -2
